3 0.9558835357427597 0.6685557259453667 0.08823286890983581 0.47525367736816404
3 0.12130345404148102 0.6118678940667046 0.021247345209121703 0.12547503577338326
3 0.6201224587857723 0.5595204247368707 0.017081598937511443 0.09424684312608507
6 0.5879748314619064 0.6344690640767415 0.045032209157943724 0.2137756559583876
0 0.4923439025878906 0.7111106554667155 0.20270581245422364 0.29373366038004556
0 0.08003673553466797 0.8204279581705729 0.16007347106933595 0.35914408365885414
0 0.07313895225524902 0.6921045197380914 0.14627790451049805 0.2417502721150716
0 0.26920280456542967 0.6666454527113173 0.18660352230072022 0.2508622487386068
2 0.39154321551322935 0.580720599492391 0.09734004735946655 0.15512719684176976
7 0.6640606969594955 0.28359164661831326 0.02543155550956726 0.10722706052992079
7 0.07353670373558999 0.3860427326626248 0.024468322098255158 0.09468474917941623
7 0.11564301401376724 0.4405168506834242 0.01299915611743927 0.05531764030456543
