3 0.9704568088054657 0.6583018832736545 0.05908645391464233 0.4785800509982639
3 0.1857906848192215 0.5747213893466525 0.018215423822402953 0.09737199147542318
3 0.16108025014400482 0.5721098264058431 0.02022976279258728 0.08259109920925564
3 0.20678147599101065 0.5770952118767633 0.017231737077236176 0.09479796091715495
3 0.5754183992743492 0.5884003321329753 0.03608908355236053 0.15719278123643662
3 0.08440469056367875 0.6150623639424642 0.023146572709083556 0.14794962141248916
3 0.6330351419746876 0.5541501151190864 0.01784316450357437 0.10404548645019532
0 0.4925419092178345 0.7169052018059625 0.2135789394378662 0.3116343816121419
0 0.09850890636444092 0.8083494186401368 0.19701781272888183 0.3833011627197266
0 0.31642199754714967 0.6321348084343804 0.15893914699554443 0.20444295671251084
0 0.045363545417785645 0.6714845339457194 0.09072709083557129 0.2039081785413954
2 0.42318975031375883 0.5620086987813314 0.0906165897846222 0.15564395056830513
7 0.0584258534014225 0.46325182120005287 0.01626257449388504 0.05857142872280545
7 0.693449929356575 0.2394830544789632 0.029160600900650025 0.1219633420308431
7 0.029889141023159028 0.359099292755127 0.02728397846221924 0.10289173126220703
7 0.09656613171100617 0.42522075706058077 0.015853148698806763 0.06075331899854872
