3 0.9840183943510056 0.6650879965888129 0.031963294744491576 0.4879253387451172
3 0.15927317813038827 0.5805772304534912 0.02055145651102066 0.1021922959221734
3 0.6427526459097862 0.5594268745846218 0.025604817271232604 0.1307679812113444
3 0.18141059428453446 0.5828491846720377 0.018490234017372133 0.10202157762315538
3 0.02468988224864006 0.6337068186865913 0.027380773425102235 0.1747060669793023
3 0.28147094920277593 0.5722331258985731 0.017013229429721832 0.09131666819254557
3 0.2565822325646877 0.5488371266259088 0.0167839452624321 0.07352755864461263
3 0.110662342607975 0.5862896495395237 0.022249987721443175 0.08853151533338759
6 0.5693329483270645 0.5824898348914253 0.03421967625617981 0.17352476119995117
0 0.48171526193618774 0.6976793924967448 0.19076268672943114 0.2814692179361979
0 0.3551317691802979 0.6105410840776232 0.12427825927734375 0.176459534962972
0 0.1017160177230835 0.7994050555759006 0.203432035446167 0.4011898888481988
0 0.4408444255590439 0.5566302882300482 0.07683255076408387 0.13285608291625978
7 0.009249942004680633 0.4569464498096042 0.018499884009361266 0.06521210670471192
7 0.7255315259099007 0.18779509862263996 0.03699444830417633 0.14332358042399088
7 0.739089661091566 0.5173509226904975 0.01650482267141342 0.07409613927205404
7 0.72298618927598 0.41583889060550266 0.022697003185749055 0.06570225291781956
7 0.06655433475971222 0.4201031976275974 0.014618128538131714 0.05962295002407498
