3 0.17251835837960244 0.5846809069315593 0.022624845802783965 0.11553643544514974
3 0.2597571641206741 0.5848645740085178 0.018099981546401977 0.09998291863335504
3 0.1268475718796253 0.5944252385033502 0.020867766439914705 0.11417930391099718
3 0.15069468468427658 0.5984836154513888 0.020050892233848573 0.10926200018988716
3 0.28462265729904174 0.5708772526846991 0.01692502498626709 0.0755918025970459
3 0.20029043406248093 0.5883483409881591 0.02651425302028656 0.10473936928643121
3 0.3201232336461544 0.5766505771213107 0.016989545524120332 0.08564953274197049
3 0.658009660243988 0.564052947362264 0.023705554008483887 0.13019058439466688
3 0.24144371896982192 0.5591308911641438 0.015205314755439759 0.07718486785888672
3 0.5585362374782562 0.5678345044453939 0.026016509532928465 0.11869191063774956
0 0.49802345037460327 0.6772720760769314 0.17672812938690186 0.2599155849880642
0 0.38034710884094236 0.5983234087626139 0.10672249794006347 0.1552058113945855
0 0.1108440637588501 0.8070578893025716 0.2216881275177002 0.3858842213948568
0 0.45263622999191283 0.55671706199646 0.061889052391052246 0.11706308788723416
7 0.7816703945398331 0.30022062725490994 0.06053155064582825 0.12477071550157336
7 0.7775724261999131 0.1175967295964559 0.04738718867301941 0.17458018196953667
7 0.7986638128757477 0.5199375947316488 0.019360172748565673 0.09247384601169162
7 0.7767375037074089 0.40045668019188774 0.03203631341457367 0.07772652837965223
7 0.02910050004720688 0.4186125914255778 0.017251166701316833 0.07047196494208442
