3 0.13714560717344285 0.5938661522335477 0.02338622510433197 0.1321345329284668
3 0.2263697974383831 0.5886707040998671 0.0204482302069664 0.12055701149834527
3 0.10583947673439979 0.6042909251319037 0.02384379655122757 0.13091597027248805
3 0.07835617139935494 0.5967824512057834 0.018972446024417878 0.10742318895128038
3 0.06707456335425377 0.6063178910149468 0.019594518840312956 0.11724639468722874
3 0.6741718150675297 0.5518471823798285 0.022009916603565216 0.11828973558213976
3 0.2749752961099148 0.5709760030110677 0.015608827769756316 0.08515430026584202
3 0.2967256635427475 0.5788869963751899 0.018274134397506712 0.09485496944851346
3 0.21593769937753676 0.5630123986138238 0.016254356503486632 0.08946278889973959
6 0.4847387745976448 0.5568100929260253 0.022978964447975158 0.11538672977023655
0 0.5954438805580139 0.6611530621846516 0.2388789415359497 0.2555245929294162
0 0.39814300537109376 0.5931924978892008 0.11740164756774903 0.1540389060974121
0 0.11543960571289062 0.8024029201931424 0.23087921142578124 0.3951941596137153
2 0.4582633078098297 0.5496524492899577 0.05795375108718872 0.11176090240478516
7 0.8896030813455582 0.03491113185882568 0.06548870205879212 0.06982226371765136
7 0.9358200043439865 0.5097324477301703 0.02635325789451599 0.12276155683729384
