3 0.17757194712758065 0.5941128147972955 0.022253908216953278 0.1390218840705024
3 0.06111360490322113 0.6113149642944335 0.03100745677947998 0.16756536695692276
3 0.03154677376151085 0.6165714475843641 0.022034944593906404 0.13822737799750434
3 0.5004445403814316 0.542197683122423 0.015155190229415893 0.07839332156711154
3 0.011867374926805497 0.6124836285909017 0.023734749853610994 0.1506029552883572
3 0.2309718482196331 0.5770188119676378 0.023598645627498627 0.08826071421305338
6 0.47941925674676894 0.5517767747243245 0.02316155731678009 0.12466060850355361
6 0.5259744301438332 0.5660735236273872 0.02932884991168976 0.1473158942328559
0 0.7813746094703674 0.6483949343363444 0.2653409242630005 0.27568255530463326
0 0.39980997443199157 0.5894255903032091 0.12112630605697632 0.16163477367824977
0 0.12358181476593018 0.8032915751139323 0.24716362953186036 0.3934168497721354
2 0.45344124287366866 0.5420206387837728 0.048681363463401794 0.10567264556884766
7 0.5946434393525124 0.38636153671476575 0.014753702282905578 0.02823030948638916
