3 0.6854641884565353 0.6213902579413519 0.05051020979881286 0.25562689039442277
3 0.029015716910362244 0.6305023458268907 0.027806395292282106 0.15618995030721028
3 0.4115448869764805 0.5780037959416707 0.01380661278963089 0.07396133740743001
3 0.07430476322770119 0.5913800928327773 0.020317132771015167 0.09818139606051975
3 0.11134081929922104 0.6193541129430135 0.021009919047355653 0.08527440494961208
6 0.3869907662272453 0.5901990996466743 0.024178704619407652 0.12031095292833116
6 0.42961762100458145 0.6016494750976562 0.031149724125862123 0.15502921210394965
0 0.9271888136863708 0.6991112285190159 0.1456223249435425 0.3307138442993164
0 0.3123497486114502 0.6289400683508979 0.13291554450988768 0.17697337468465169
0 0.08370497822761536 0.805184809366862 0.1674099564552307 0.389630381266276
0 0.45882863402366636 0.5790493832694159 0.06364573240280151 0.0803133593665229
7 0.5267347641289234 0.39534266392389933 0.019311489164829256 0.03293674521976047
