3 0.6207081370055676 0.5515491750505236 0.016087542474269866 0.09596868091159397
3 0.6045194901525974 0.5439166492886014 0.015214593708515167 0.07723996904161241
3 0.5809856191277504 0.5394823021358914 0.013677552342414856 0.06927162806193034
3 0.37780107855796813 0.5674311955769856 0.025195777416229248 0.133100340101454
3 0.6505418732762337 0.5660052246517605 0.026924124360084532 0.13800206714206273
3 0.5352208875119686 0.5460238112343683 0.01413760632276535 0.0774386035071479
0 0.4873310923576355 0.5880677276187473 0.07169806957244873 0.11107104619344076
0 0.41219002902507784 0.5588846021228366 0.05090760588645935 0.0847059514787462
2 0.5165193229913712 0.5241087277730306 0.0452381432056427 0.103062375386556
7 0.036983263492584226 0.6911538971794976 0.03367905616760254 0.11777540842692057
