3 0.7031725063920021 0.5832292238871256 0.03692639172077179 0.1874617470635308
3 0.36357263326644895 0.573612462149726 0.026693511009216308 0.13833583196004232
3 0.5389685735106469 0.5525488085216946 0.014851781725883483 0.08361010551452637
3 0.6127917878329754 0.5502847512563069 0.016968463361263276 0.0913587040371365
3 0.588038195669651 0.5482227325439453 0.014944818615913392 0.07611796061197916
3 0.5618752658367157 0.551602742407057 0.016543710231781007 0.07947933938768174
3 0.639586902409792 0.5575361251831055 0.022979404032230377 0.11357426113552517
0 0.48861152231693267 0.5912231710222032 0.06620028614997864 0.10739581849839952
0 0.4052996724843979 0.5679620424906413 0.058578699827194214 0.09469678666856554
2 0.5205934375524521 0.5230051623450385 0.050093048810958864 0.10334115558200413
