3 0.8001303538680077 0.6005773650275337 0.047891780734062195 0.274415397644043
3 0.6649163439869881 0.5579361173841688 0.020918598771095274 0.13180546230740017
3 0.5942345805466175 0.5481573025385539 0.016209353506565095 0.08313669098748101
3 0.6226287297904491 0.5505490567949083 0.015805231034755708 0.09422004487779405
3 0.3334969311952591 0.5768827597300211 0.032113462686538696 0.15452701780531142
3 0.5615017130970955 0.55798319445716 0.016691532731056214 0.08738922013176811
3 0.6392300203442574 0.5541492250230577 0.015931621193885803 0.10034624735514323
3 0.5401750430464745 0.5529312080807156 0.014978763461112977 0.08622486326429579
0 0.4882959842681885 0.5890621026357015 0.06649904251098633 0.10322728686862521
0 0.3912313520908356 0.5743385791778565 0.06145540475845337 0.10755217870076497
2 0.5229916721582413 0.5237213346693251 0.05279410481452942 0.10749999152289497
