3 0.6982430599629879 0.5749515904320611 0.024283628165721893 0.14947084850735134
3 0.6368674337863922 0.5577167087131076 0.01884986162185669 0.10316925048828125
3 0.27780483812093737 0.5946107175615098 0.03028661906719208 0.1754986974928114
3 0.6026438303291798 0.557212151421441 0.016410554945468902 0.09032880995008681
3 0.5639948844909668 0.5650500774383544 0.015485095977783202 0.09132129881117079
3 0.5450555853545666 0.5679684533013238 0.017992030084133147 0.10059848361545139
3 0.6602005250751972 0.5674089696672228 0.020650626718997957 0.1158537228902181
3 0.30463444590568545 0.5816092544131809 0.034909045696258544 0.17371570799085828
0 0.4842469751834869 0.5977288881937662 0.06593056917190551 0.1012779023912218
0 0.3730162173509598 0.5897365358140734 0.07410908341407776 0.12554359436035156
2 0.5212464421987534 0.5316288630167644 0.05208284258842468 0.11712837219238281
