3 0.7444849178195 0.572208415137397 0.02933867871761322 0.17878962622748482
3 0.6520439594984054 0.5534702142079672 0.021828359365463255 0.11795032289293077
3 0.20663398504257202 0.5956333054436578 0.033265876770019534 0.2031908459133572
3 0.5511437810957431 0.5601493040720622 0.01879289895296097 0.1123442014058431
3 0.6142920635640621 0.5505724747975668 0.019394902884960173 0.10270821253458659
3 0.250293006002903 0.5821985456678602 0.03242876827716827 0.207973141140408
3 0.5709381490945816 0.5572645134396024 0.01980922818183899 0.10576793882581922
3 0.585541232675314 0.5587330500284831 0.020846526324748992 0.10878062778049045
3 0.6885606251657009 0.5626472738054064 0.021701519191265107 0.13294250700208876
0 0.4796243250370026 0.5906766997443305 0.07048941850662231 0.1094011730617947
0 0.34742178320884703 0.5906976011064318 0.09023512601852417 0.15343474282158745
0 0.3977912276983261 0.5626104195912679 0.05682060122489929 0.10709627999199761
2 0.5158518195152283 0.5194243854946561 0.060163474082946776 0.12244387732611763
7 0.7477985933423043 0.4958919339709812 0.016230979561805726 0.032497708002726236
