3 0.14538075923919677 0.6099324968126085 0.039129900932312014 0.22490895589192708
3 0.6271723441779613 0.5534177462259928 0.02079261392354965 0.11422083112928602
3 0.1841686859726906 0.6056725290086534 0.04541564285755158 0.2725569619072808
3 0.6666450634598732 0.560078149371677 0.023334529995918275 0.13713950051201715
3 0.5581988394260406 0.5690308835771348 0.023347485065460204 0.13591833114624025
3 0.8139118731021882 0.582567924923367 0.03838893175125122 0.2233672883775499
3 0.5825561113655567 0.5642569647894965 0.02258950620889664 0.12548175387912328
3 0.6023832857608795 0.5691007614135742 0.02317286729812622 0.1214483896891276
3 0.12566414698958397 0.5868785646226671 0.023017828166484833 0.1693712446424696
3 0.7253399312496185 0.571759902106391 0.027239882946014406 0.14516164991590713
0 0.4748712360858917 0.5968378172980414 0.07606464624404907 0.11808740827772353
0 0.3107623815536499 0.6082206196255154 0.1190422534942627 0.19519015418158636
0 0.3691242605447769 0.5869018130832249 0.06494572758674622 0.12017923990885417
2 0.5132286608219147 0.5215977138943142 0.07029410600662231 0.13229895697699653
