3 0.7020103231072425 0.5554141150580512 0.027303937077522277 0.16012437608506944
3 0.16961934715509414 0.5651131735907661 0.026101210713386537 0.14317122565375434
3 0.6413591720163823 0.5434353033701579 0.021067877113819123 0.13081939485337998
3 0.9038618952035904 0.5890207078721789 0.06432035565376282 0.3041333516438802
3 0.6152346536517144 0.5646939330630832 0.028700622916221618 0.1426200336880154
3 0.07232711017131806 0.6299438900417752 0.05414212346076965 0.34419691297743055
3 0.5683805659413338 0.5680153687795003 0.026947060227394105 0.16274692747328018
3 0.5954220332205296 0.5590439478556315 0.024921043217182158 0.14052229987250434
3 0.03877401202917099 0.5903586705525716 0.024559155106544495 0.18807563781738282
3 0.7694502174854279 0.5751427014668783 0.035928308963775635 0.17878729502360027
0 0.4677469789981842 0.5961672941843669 0.0864975094795227 0.13009992175632054
0 0.26878889203071593 0.6268912739223904 0.15967856645584105 0.24293541378445097
0 0.3458348214626312 0.593611823187934 0.07948774099349976 0.13315200805664062
2 0.5114665359258652 0.5116757922702365 0.07018439173698425 0.14416177537706162
