3 0.7513425439596176 0.5564339955647787 0.028622645139694213 0.1997606913248698
3 0.581850814819336 0.5744043032328288 0.03215951919555664 0.19289235009087458
3 0.6099403902888298 0.5703558497958713 0.030723580718040468 0.17809225718180338
3 0.6623202480375767 0.5408785237206353 0.02190745621919632 0.14886630376180013
3 0.6400204107165337 0.5734889719221327 0.03096388280391693 0.17757156160142687
3 0.8464928030967712 0.5690918922424316 0.02745215892791748 0.19338016510009765
3 0.023977160453796387 0.6454891734653049 0.04795432090759277 0.321869256761339
0 0.4617267519235611 0.6056594053904215 0.09632976651191712 0.15056882434421115
0 0.2020658314228058 0.6671733538309733 0.21983532905578612 0.3350847244262695
0 0.30821062326431276 0.6172726578182645 0.1060187578201294 0.16476950115627712
2 0.5129337579011917 0.5104197820027669 0.08895278573036194 0.1623048146565755
7 0.5657081350684166 0.44803560309939916 0.015718886256217958 0.0632871045006646
