3 0.6145918548107148 0.5938473807440864 0.04008001089096069 0.23586760626898873
3 0.6468840494751931 0.5859211073981391 0.030720308423042297 0.21252926720513238
3 0.8226589307188987 0.5767898983425565 0.03433019816875458 0.24966642591688368
3 0.688837642967701 0.5931332376268175 0.035555782914161685 0.21466409895155164
3 0.9499572187662124 0.6107847531636555 0.06453388333320617 0.3003874248928494
3 0.5710352309048176 0.5581888145870633 0.016527344286441804 0.08342161178588867
0 0.467846554517746 0.6326325999365913 0.10983957052230835 0.16604797575208877
0 0.27556859254837035 0.6556132952372233 0.14395225048065186 0.2118572023179796
0 0.13606182336807252 0.748922856648763 0.27212364673614503 0.502154286702474
2 0.5230754256248474 0.5237928814358181 0.10195319652557373 0.17338617112901475
