3 0.666391171514988 0.6036507500542535 0.048254945874214174 0.294049326578776
3 0.6993824377655983 0.592833317650689 0.041062334179878236 0.27130675845676
3 0.9222141742706299 0.581604544321696 0.03852529525756836 0.29955840640597875
3 0.7519453346729279 0.6049826198154026 0.0507947564125061 0.2645847532484267
6 0.5222437366843223 0.5667021910349528 0.02635450065135956 0.1190214474995931
0 0.47822958827018736 0.6394918017917209 0.12840970754623413 0.1848990970187717
0 0.22729912996292115 0.6847201877170139 0.20987467765808104 0.2809011671278212
0 0.10778259038925171 0.7292040930853949 0.21556518077850342 0.5415918138292101
0 0.3141362309455872 0.600282277001275 0.14130613803863526 0.2210919486151801
2 0.5379580676555633 0.5135391765170627 0.10364412069320679 0.1828147252400716
