3 0.852340915799141 0.6451670328776041 0.05952268242835999 0.34708192613389754
3 0.7502259910106659 0.6310389200846355 0.06116241216659546 0.3896843804253472
3 0.8060233995318413 0.5742160267300076 0.03940809667110443 0.245963011847602
3 0.6874770082533359 0.5602826277414957 0.023781950771808624 0.14569470087687175
3 0.7843133091926575 0.615106709798177 0.04638073444366455 0.3316348605685764
3 0.5926017530262471 0.5577760749393039 0.020139743387699128 0.11078496509128147
3 0.619921051710844 0.5550708240932889 0.02055470794439316 0.10752485063340929
3 0.02995303422212601 0.6045020633273654 0.026969552040100098 0.13609703911675347
6 0.5387600779533386 0.5664930025736491 0.030977320671081544 0.12704296112060548
0 0.4870723783969879 0.6467778099907769 0.1352911114692688 0.20333531697591145
0 0.15398702621459961 0.7447605344984266 0.30797405242919923 0.39415550231933594
0 0.019970545172691347 0.7925990634494358 0.03994109034538269 0.4148018731011285
0 0.2977985918521881 0.6128400060865614 0.16711565256118774 0.2649412155151367
2 0.5503634870052337 0.5151386790805392 0.10703963041305542 0.19350766075981987
