3 0.9988267793320119 0.7075124952528212 0.002346399240195751 0.4951555887858073
3 0.8885150671005249 0.68517943488227 0.09138331413269044 0.5732105678982204
3 0.7228454023599624 0.5728742705451118 0.026802808046340942 0.1572662141587999
3 0.6368518859148026 0.5576637003156873 0.02208901047706604 0.11556408140394422
3 0.6093437723815441 0.5646464930640327 0.024570284783840178 0.12994987699720595
3 0.07468192875385285 0.60252439710829 0.03640519976615906 0.22360594007703993
3 0.5511938750743866 0.5713280359903972 0.03190854787826538 0.1322594960530599
0 0.49305314421653745 0.6552129957411025 0.14823817014694213 0.22377666897243922
0 0.1316470980644226 0.7795841428968642 0.2632941961288452 0.4408317142062717
0 0.25880268812179563 0.6391043557061089 0.22495181560516359 0.3516351064046224
2 0.5659233450889587 0.5131035168965657 0.12990319728851318 0.2107288572523329
