3 0.7586834043264389 0.5837478955586751 0.029616087675094604 0.1863392088148329
3 0.6314787283539772 0.5789167086283366 0.032180574536323545 0.16661501990424263
3 0.958767631649971 0.5870463053385416 0.05562635064125061 0.33815409342447916
3 0.6538761653006077 0.5633286105261909 0.022010047733783723 0.13664570914374458
3 0.553605979681015 0.5756644301944309 0.0315022349357605 0.15417928695678712
0 0.4886831760406494 0.6764484405517578 0.1695608139038086 0.2581587897406684
0 0.07349437475204468 0.7990698496500651 0.14698874950408936 0.4018603006998698
0 0.1897008717060089 0.6796638276841905 0.31923208236694334 0.4746295081244575
2 0.5726944386959076 0.5121086332533095 0.15108450651168823 0.23765347798665365
7 0.7427450641989708 0.4580192036098904 0.021859833598136903 0.04470433129204644
