3 0.8999445259571075 0.6063634448581272 0.03784414529800415 0.2760200924343533
3 0.757571280002594 0.6226400057474772 0.057755684852600096 0.28728067609998914
3 0.2661277659237385 0.5629097753100925 0.016512562334537507 0.08752448293897841
3 0.7051650866866112 0.586849053700765 0.03605057895183563 0.21373911963568792
3 0.9389266401529313 0.6075757556491428 0.03244331479072571 0.2592996809217665
3 0.5858218431472778 0.5972702450222439 0.04126362800598145 0.2100552029079861
3 0.33124771863222124 0.619268798828125 0.04325801432132721 0.15782699584960938
0 0.5061724781990051 0.7868524975246853 0.35237205028533936 0.42629500495062933
0 0.1340329647064209 0.6261228349473741 0.2680659294128418 0.7477543301052517
2 0.5885026752948761 0.49776136610243055 0.1765994668006897 0.29733912150065106
7 0.848943967372179 0.4271557066175673 0.021934260427951813 0.059158113267686635
