3 0.9083445996046067 0.6063105371263292 0.037879270315170285 0.27886388566758896
3 0.8022776991128922 0.638316101498074 0.06828392148017884 0.3348004870944553
3 0.27389042675495145 0.5602038727866279 0.01523767113685608 0.07960981263054742
3 0.7123063936829567 0.5909180853101942 0.04575355350971222 0.23556524912516277
3 0.5869373798370361 0.6055697123209636 0.04409914016723633 0.2324701944986979
0 0.5095917582511902 0.7881366305881077 0.3661702871322632 0.4237267388237847
0 0.12554733753204345 0.6192642423841689 0.2510946750640869 0.7614714728461371
2 0.5857533395290375 0.5024723476833768 0.18236836194992065 0.29456592135959203
7 0.8558303564786911 0.42605954276190866 0.022573989629745484 0.057521290249294706
7 0.9339761815965175 0.43231582111782496 0.017100350558757783 0.05202567842271593
