3 0.8586633026599884 0.6562432395087348 0.07831140756607055 0.398487302992079
3 0.27683376595377923 0.5621345573001437 0.014299379289150238 0.07600420845879449
3 0.7268274173140525 0.6043427679273817 0.04738251864910126 0.2557568656073676
3 0.9110509708523751 0.6097666210598416 0.038084188103675844 0.2794711218939887
3 0.6925036430358886 0.5921109835306804 0.02776956558227539 0.1577612770928277
3 0.9469197407364845 0.610346508026123 0.03626730740070343 0.2363370895385742
3 0.5874222397804261 0.6034665213690864 0.03932888507843017 0.20894364251030817
6 0.7959808275103569 0.6031681166754829 0.043442520499229434 0.22437025705973307
0 0.5090676307678222 0.7892923355102539 0.36562528610229494 0.4214153289794922
0 0.12464672327041626 0.6198957019382053 0.24929344654083252 0.7602086385091146
2 0.5681174516677856 0.5098325517442491 0.19517216682434083 0.2772449917263455
7 0.8560514003038406 0.4284486929575602 0.022264200448989867 0.05784139633178711
7 0.9335410088300705 0.4290135463078817 0.025642961263656616 0.06630439228481716
