3 0.9540186136960983 0.6781064987182617 0.09196285605430603 0.46988419426812067
3 0.701966805756092 0.5992311265733506 0.0366565614938736 0.17106975979275174
3 0.918853859603405 0.6125269360012479 0.03993264138698578 0.29201376173231336
3 0.7472347497940064 0.6130075772603353 0.05237078666687012 0.27792385949028864
3 0.8088129460811615 0.6073635313245985 0.04514979124069214 0.24248780144585502
3 0.2761197596788406 0.5625424146652221 0.013887363672256469 0.07778817812601725
3 0.5694431006908417 0.6024079322814941 0.04389976263046265 0.20508764055040146
3 0.21419804990291597 0.5723181989457872 0.0231059730052948 0.12158206303914389
0 0.5097057104110718 0.7903752009073893 0.3683915138244629 0.41924959818522134
0 0.12597097158432008 0.6236417346530491 0.25194194316864016 0.7527164883083768
2 0.5532286167144775 0.514863109588623 0.194000244140625 0.26647277408175996
7 0.8562183178961277 0.42693809138404 0.021198995411396027 0.056929296917385526
7 0.9317125216126442 0.43002475102742516 0.022933176159858702 0.0602558347913954
