3 0.7690725147724151 0.6188438839382595 0.06488786935806275 0.31794221666124134
3 0.9647522926330566 0.62787291208903 0.061430931091308594 0.3310418446858724
3 0.7155843511223793 0.6103242556254069 0.04257579147815704 0.1940254847208659
3 0.8229421436786651 0.6092853440178765 0.04639889001846313 0.25294602711995445
3 0.27853721380233765 0.5641461610794067 0.015331339836120606 0.07400392426384819
3 0.23188262358307837 0.5740972730848525 0.02496042996644974 0.12443500094943577
3 0.5630858346819878 0.5935777134365505 0.03777855336666107 0.18213630252414278
0 0.5084654211997985 0.7883413738674587 0.3655772924423218 0.4233172522650825
0 0.12544150352478028 0.6218729231092665 0.25088300704956057 0.756254153781467
2 0.5391029596328736 0.5205225520663791 0.17899823188781738 0.26646751827663845
7 0.8559733852744102 0.43014027012719047 0.021650025248527528 0.06071507665846083
7 0.9328663729131221 0.4296292331483629 0.020342426002025606 0.06214288605584039
