3 0.7221123516559601 0.6232130262586806 0.04613834619522095 0.22026028103298612
3 0.9976222839206457 0.644260851542155 0.0047553710639476774 0.3865039825439453
3 0.8379087567329406 0.6203417460123698 0.04646399021148682 0.27262564765082464
3 0.28123671337962153 0.562847269905938 0.014527545869350433 0.0710979143778483
3 0.24918467700481414 0.5688240316179064 0.020178502798080443 0.10432600445217556
3 0.7947565525770187 0.6392459869384766 0.05894116759300232 0.3305174085828993
3 0.5489281997084617 0.5782892439100478 0.032576152682304384 0.1379895528157552
0 0.5079141855239868 0.7844959259033203 0.36130590438842775 0.43100814819335936
0 0.12548013925552368 0.6193476570977106 0.25096027851104735 0.7613047281901042
2 0.5253544449806213 0.5225178082784017 0.15707991123199463 0.253783819410536
7 0.8562324814498424 0.4283181428909302 0.022271405160427093 0.060054847929212785
7 0.933147057145834 0.43272076977623836 0.017782227694988252 0.054314576254950626
