3 0.7377768248319626 0.6341703732808431 0.05402931571006775 0.25466437869601777
3 0.26291444301605227 0.5670362684461806 0.02078242301940918 0.10349375406901042
3 0.28275433629751207 0.5613313065634833 0.01349632441997528 0.07516378296746148
3 0.8533172756433487 0.6646456400553385 0.0661100685596466 0.37971861097547743
3 0.34170020520687105 0.5662610451380412 0.016739195585250853 0.07465033531188965
3 0.5459266141057014 0.5819144248962402 0.03807686865329742 0.14632413652208115
0 0.5009107947349548 0.7868901782565647 0.30421364307403564 0.42621964348687064
0 0.1279260754585266 0.6242120530870225 0.2558521509170532 0.7515758938259549
0 0.5203707396984101 0.5287827279832628 0.1538148283958435 0.2548337936401367
7 0.8554174095392227 0.42329157988230387 0.022276812791824342 0.04694063928392198
7 0.9340043596923351 0.43579195870293513 0.016017256677150725 0.053360769483778214
