3 0.3134407319128513 0.5630952808592055 0.014961917698383332 0.08575434684753418
3 0.2969128079712391 0.564929273393419 0.01296013742685318 0.06984530554877387
3 0.5323267497122288 0.5721228149202134 0.01877032071352005 0.08637497689988878
3 0.33917558565735817 0.573814500702752 0.015642793476581575 0.08407860332065159
3 0.2225727915763855 0.5671769513024224 0.01697533130645752 0.1252833154466417
0 0.4772341072559357 0.6637883080376519 0.15097833871841432 0.2294966803656684
0 0.1263257384300232 0.6252707375420464 0.2526514768600464 0.7494584825303819
2 0.49480823874473573 0.5280253622266982 0.0836750864982605 0.20110017988416884
7 0.8392263635993004 0.43445860809750025 0.019040152430534363 0.05510428216722277
7 0.8567553594708442 0.4275868468814426 0.019551101326942443 0.056272496117485894
7 0.9336340300738811 0.4319415728251139 0.017484353482723237 0.05739536285400391
