3 0.32072673216462133 0.5630563100179037 0.018547351658344268 0.08336376614040798
3 0.22137419283390045 0.568197594748603 0.020548897981643676 0.1163996484544542
3 0.5250677622854709 0.5692236026128134 0.01699085980653763 0.08566357824537489
3 0.2418095976114273 0.5673459423912897 0.0212632954120636 0.11129397286309137
3 0.2990982994437218 0.5658165083991157 0.013327643275260925 0.07516498565673828
0 0.47402921319007874 0.6447140905592177 0.13088027238845826 0.1916306177775065
0 0.12618175745010377 0.6277684953477648 0.25236351490020753 0.7444630093044705
7 0.839249300211668 0.4341438637839423 0.01918158382177353 0.05578103065490723
7 0.8559173606336117 0.4279298120074802 0.020774655044078827 0.059201892217000326
7 0.9327973015606403 0.4319135453965929 0.019135786592960356 0.056298319498697916
