3 0.8296201378107071 0.5938667191399468 0.060024768114089966 0.2716361787584093
3 0.5455852322280407 0.5588669617970784 0.013610802590847015 0.07243100272284614
3 0.5303528547286988 0.5547913789749146 0.01308436393737793 0.06632231076558431
3 0.5602780982851983 0.5595620632171631 0.016917261481285095 0.08143118752373589
3 0.20523943156003951 0.5765973091125488 0.021742233633995058 0.13857449425591362
3 0.15535713583230973 0.6352643013000489 0.028547242283821106 0.20434470706515842
6 0.5824688822031021 0.6466079923841689 0.056838876008987425 0.25400844150119356
0 0.48151636123657227 0.5975524955325656 0.07471065521240235 0.1163023312886556
0 0.28926034569740294 0.6660585509406196 0.15232669115066527 0.23441126081678604
0 0.097397780418396 0.7705718358357747 0.194795560836792 0.4588563283284505
0 0.33894711136817934 0.5784758567810059 0.11504045724868775 0.21436951955159506
2 0.4774172782897949 0.5291858302222358 0.05991287231445312 0.14254041247897678
7 0.8165209732949734 0.4850084728664822 0.01438540667295456 0.04341841803656684
