3 0.905505220592022 0.520590082804362 0.01680382192134857 0.09812469482421875
0 0.6207683682441711 0.5423803408940633 0.044482064247131345 0.06458491749233669
0 0.16237572133541106 0.5831258879767524 0.06969744563102723 0.054883723788791236
0 0.40819219350814817 0.6248357031080458 0.20977256298065186 0.2632424036661784
0 0.06858010292053222 0.5926762607362536 0.07097371816635131 0.05657249556647407
0 0.015038970112800597 0.6060186783472697 0.030077940225601195 0.08063578605651855
0 0.8771058946847916 0.5191629144880506 0.04087637066841125 0.0842776722378201
0 0.641437953710556 0.5189583579699198 0.027765166759490967 0.03952414459652371
2 0.7341723322868348 0.5207170380486382 0.09216229915618897 0.1888634787665473
2 0.26093249917030337 0.5451887687047322 0.08792740106582642 0.07910985416836208
2 0.8363675750792027 0.49129545158810084 0.024933941662311554 0.04961691432529026
7 0.9130642358213663 0.3922065205044217 0.010917557030916214 0.05083768632676866
