3 0.8994905427098274 0.5566304047902425 0.02758254110813141 0.1548054059346517
3 0.8067059092223644 0.554791800181071 0.016531763970851897 0.10293195512559679
0 0.4900387734174728 0.5564117405149672 0.040647310018539426 0.05912661552429199
0 0.3368635416030884 0.6236426353454589 0.17049736976623536 0.2241175969441732
0 0.6087568283081055 0.5385693550109864 0.0840682029724121 0.20002290937635633
0 0.11148740798234939 0.5764858855141534 0.04345541298389435 0.04177885585361057
0 0.7679554909467697 0.545698595046997 0.05416831374168396 0.09382893244425455
2 0.7011691078543663 0.5147549125883314 0.02803010642528534 0.05180308553907606
2 0.03624896705150604 0.570994234085083 0.07249793410301208 0.0895870738559299
7 0.8169341266155243 0.40027668741014266 0.013963925838470458 0.05904158486260308
7 0.3455909140408039 0.44046249124738907 0.01372211128473282 0.05859959390428331
