3 0.894251498579979 0.5837415059407552 0.03520461916923523 0.1874466790093316
3 0.9357269436120987 0.5846410327487521 0.03568385243415832 0.21833856370713975
3 0.7672459609806538 0.557713344362047 0.020455266535282134 0.12848261727227106
3 0.9162417337298393 0.5838610596126981 0.02555597722530365 0.17153715557522245
0 0.3024438679218292 0.5927300559149848 0.12626477479934692 0.1845723893907335
0 0.41248139292001723 0.5411865287356906 0.03758890926837921 0.05535949071248372
0 0.4912765622138977 0.539884516927931 0.02645103931427002 0.0485292911529541
0 0.7243090569972992 0.5533894168006049 0.0783441424369812 0.10741614235772026
0 0.5395456463098526 0.5385360929701063 0.08497975468635559 0.19826282925075955
2 0.6260117277503013 0.5176910877227783 0.02842211425304413 0.04938118192884657
7 0.21981368958950043 0.4102005349265205 0.015449780225753783 0.06329344113667806
7 0.7903577849268913 0.3823788563410441 0.016575536131858824 0.07183660401238336
