3 0.9928949512541294 0.6101439052157932 0.014210160076618194 0.2305076387193468
3 0.13791414275765418 0.5919095251295302 0.01904730349779129 0.11854076385498047
3 0.07474816516041756 0.5736785941653781 0.017596282064914703 0.09706684748331705
3 0.7855847597122192 0.5617249329884847 0.026183176040649413 0.17350988388061522
3 0.052844250202178956 0.5799475351969401 0.02218749523162842 0.13366767035590277
3 0.9686715237796306 0.5609281857808431 0.02389051765203476 0.16949210696750217
3 0.8543281599879264 0.5597817420959472 0.02498093545436859 0.16368249257405598
0 0.7240451693534851 0.5626632584465875 0.09673068523406983 0.13072897593180338
0 0.37295884639024734 0.545381408267551 0.03291658461093903 0.04959740108913845
0 0.28961958587169645 0.5848616123199463 0.09547366499900818 0.14782194561428494
0 0.49500170052051545 0.5430182562934027 0.09802342057228089 0.20780732896592882
0 0.33948522061109543 0.5292888694339328 0.026999053359031678 0.04246920479668511
0 0.38958958238363267 0.5353008959028456 0.02628614604473114 0.03958372539944119
0 0.44953915774822234 0.5449784596761068 0.027083247900009155 0.05174441867404514
0 0.21661412417888642 0.554401433467865 0.02845425009727478 0.04344218307071262
2 0.5879461944103241 0.5184052361382379 0.02930854558944702 0.06428756713867187
7 0.10554882884025574 0.39721972147623696 0.018214082717895506 0.07539520263671876
7 0.820756085216999 0.34225976202223035 0.02561594545841217 0.09396132363213433
