3 0.8860074773430824 0.5947101804945204 0.031805184483528134 0.20879961649576823
3 0.03378007709980011 0.6123044278886584 0.025979763269424437 0.16369890636867948
3 0.002260640822350979 0.5896476798587376 0.004521281644701958 0.10654475953843859
3 0.9758211553096772 0.5642018795013428 0.02450321912765503 0.1711733818054199
0 0.37278448343276976 0.5444930818345811 0.030617403984069824 0.048158560858832467
0 0.7839247643947601 0.5829384115007189 0.1149021029472351 0.1775864177280002
0 0.2962331295013428 0.5725152015686035 0.07534222602844239 0.11932315826416015
0 0.14666527658700942 0.555329081747267 0.049090221524238586 0.051720751656426325
0 0.39987251460552214 0.5392394608921475 0.024235242605209352 0.03496043152279324
0 0.48745315670967104 0.5416048685709636 0.10306955575942993 0.21729041205512153
2 0.9326443195343017 0.5193161116706 0.1347113609313965 0.20207360585530598
2 0.5945147544145584 0.5217459042867024 0.03284903168678284 0.06157381269666884
7 0.936800730228424 0.2823895295461019 0.033867383003234865 0.12710845735338
