0 0.3990223303437233 0.5473138080702887 0.030355098843574523 0.04380025068918864
0 0.034728848934173585 0.5780210018157959 0.06945769786834717 0.06670832104153103
0 0.9170437574386596 0.6151475800408257 0.12234454154968262 0.24524300893147785
0 0.3218312174081802 0.5663098494211832 0.06197083592414856 0.10073408550686307
0 0.1506303668022156 0.5604970349205864 0.0419727087020874 0.055808438195122614
0 0.43418739810585977 0.5402135332425435 0.02139746695756912 0.03556029266781277
0 0.500825834274292 0.5393069797092014 0.10701141357421876 0.2216527303059896
2 0.9851327314972878 0.5192225774129232 0.029734495282173156 0.2570613013373481
2 0.6218700915575027 0.522346560160319 0.03538408875465393 0.06829015943739149
7 0.9500641185790301 0.41814801163143583 0.009935633093118668 0.04469768206278483
