3 0.6054141998291016 0.5304345475302802 0.01901416778564453 0.07955356703864204
3 0.5560326546430587 0.5313061396280925 0.014630025625228882 0.0764687008327908
0 0.977674150466919 0.5240953207015991 0.04465169906616211 0.08237999280293783
0 0.4175213694572449 0.5307551291253831 0.028855013847351074 0.043712830543518065
0 0.3430044025182724 0.5438275814056397 0.05443212389945984 0.08949257532755533
0 0.4947279095649719 0.5221644083658854 0.10698111057281494 0.22597113715277778
2 0.046606060862541196 0.5516456577512953 0.09321212172508239 0.07820908758375379
2 0.6413955599069595 0.5052144527435303 0.03783643841743469 0.0735662990146213
7 0.7727225370705127 0.4421968128946092 0.019812597334384917 0.03863158490922716
7 0.17051847502589226 0.4344186438454522 0.012548576295375823 0.04463998476664225
7 0.5803880244493484 0.3904457516140408 0.014467340707778931 0.05764253404405382
7 0.766628160327673 0.39567257033454045 0.012850169837474824 0.04346543418036567
