3 0.9446698680520058 0.5559974776373969 0.019266608357429504 0.11394197675916884
3 0.7991420820355415 0.5482163164350722 0.015199676156044006 0.0944557719760471
3 0.6488925591111183 0.5611306720309788 0.01680958569049835 0.09862692091200087
3 0.5932751007378101 0.5634236759609647 0.018401111662387847 0.09680491553412543
3 0.9927942156791687 0.5507627646128337 0.014411520957946778 0.13152854707505968
3 0.8976716980338096 0.552466689215766 0.014755818247795104 0.07741508483886719
3 0.6276967845857143 0.5609570238325331 0.01688486784696579 0.1043081177605523
0 0.030750420689582825 0.5739410373899672 0.06150084137916565 0.08647223048739963
0 0.1642964541912079 0.5723811864852906 0.057755577564239505 0.05612177848815918
0 0.3870698869228363 0.5560609499613444 0.05422595739364624 0.07498429616292318
0 0.5025100350379944 0.5442303445604112 0.10241482257843018 0.21230831146240234
0 0.21572976410388947 0.559328129556444 0.06146696209907532 0.07235956721835667
2 0.6789960816502572 0.5309882985221015 0.04418438971042633 0.0802050855424669
7 0.8559370525181293 0.457208063867357 0.019093228876590727 0.04494481086730957
7 0.6276932284235954 0.3820439789030287 0.017693528532981874 0.06538101302252876
7 0.13881190344691277 0.4295890225304498 0.012821899354457855 0.051960553063286674
