3 0.8628086999058724 0.5652504444122315 0.018410101532936096 0.1003112898932563
3 0.6424198269844055 0.5884640534718831 0.01930258274078369 0.12420229381985134
3 0.9552652105689049 0.5731627941131592 0.018492266535758972 0.10324680540296767
0 0.1268291711807251 0.5635860443115235 0.07878539562225342 0.09350992838541666
0 0.9811368435621262 0.5679181469811334 0.03772630095481873 0.060223399268256296
0 0.5192099034786224 0.5614104270935059 0.0962868571281433 0.215809694925944
0 0.5787041127681732 0.5544156286451551 0.05501974821090698 0.11936355166965061
2 0.4322640776634216 0.5579932159847684 0.045547080039978025 0.07505040698581272
2 0.03655947744846344 0.5582709259457058 0.07311895489692688 0.09793613221910265
2 0.35966084003448484 0.5429719792471992 0.06887197494506836 0.053528610865275064
2 0.7238546445965767 0.5450099839104546 0.04676486551761627 0.09143038855658638
7 0.9703505337238312 0.4618255482779609 0.026466524600982665 0.05306266678704156
7 0.6976170636713505 0.3560022089216444 0.022319336235523225 0.08181528515285916
7 0.0884167231619358 0.4044119437535604 0.01620621234178543 0.06463655365837945
