3 0.7030520901083946 0.5947565979427761 0.029920193552970886 0.16967897415161132
3 0.9311137154698372 0.5618968804677328 0.021513739228248598 0.11920128928290473
3 0.7786668866872788 0.5938207626342773 0.036434096097946164 0.19052933586968315
3 0.7351035475730896 0.5695900758107503 0.01981399059295654 0.12010496987236871
3 0.89262715280056 0.553697845670912 0.013287371397018433 0.08162656360202365
0 0.07174643576145172 0.5747881174087525 0.09037887454032897 0.08281954129536946
0 0.6033469498157501 0.5471408791012234 0.0725070595741272 0.1373673227098253
0 0.46595637649297716 0.5462929142846001 0.04102129638195038 0.06521613862779406
0 0.5256469070911407 0.5503338389926486 0.1008142113685608 0.20671363406711155
0 0.1393993079662323 0.5734254386689928 0.08097065687179565 0.08001950052049425
2 0.33205847144126893 0.5327750868267483 0.08914340734481811 0.06113283899095323
7 0.7943346843123436 0.2629940456814236 0.031116554141044618 0.11499332851833767
