3 0.9760256037116051 0.6321644571092394 0.04794888198375702 0.313964483473036
3 0.8509151220321656 0.6290491845872667 0.04470438957214355 0.2686251534356011
3 0.8113069921731949 0.6017828729417589 0.03474157452583313 0.22995726267496744
3 0.7406618520617485 0.54942766295539 0.028783878684043883 0.12897710800170897
0 0.03976179659366608 0.5760915014478896 0.07952359318733215 0.09612238142225478
0 0.6012131504714489 0.5338158713446723 0.024304448068141936 0.03731829325358073
0 0.664979663491249 0.547798834906684 0.08508980870246888 0.18032735188802082
0 0.5444459438323974 0.5373085445827908 0.08923263549804687 0.19294620090060763
2 0.43804948925971987 0.5138506809870402 0.06867386102676391 0.06573287645975749
2 0.002809879370033741 0.5539695421854655 0.005619758740067482 0.13503462473551434
2 0.30086453557014464 0.520609802669949 0.11749306917190552 0.07235635121663411
7 0.026106034219264985 0.370007234149509 0.014845669269561768 0.07733594046698676
