3 0.7749516978859902 0.5699500030941433 0.016835597157478333 0.09892549514770507
6 0.0747085839509964 0.6627646446228027 0.10286837816238403 0.261313353644477
0 0.24036445021629332 0.5548333764076233 0.04448612928390503 0.04409524334801568
0 0.18052307218313218 0.5611704031626383 0.04462771117687225 0.043571292029486765
0 0.44517222940921786 0.5445993767844306 0.03328974843025208 0.055657052993774415
0 0.3073365554213524 0.5535080618328518 0.04865014255046844 0.04358932177225749
0 0.5288001447916031 0.5578263931804233 0.025504285097122194 0.041035188568962946
0 0.3847789794206619 0.5414737251069811 0.02692752480506897 0.03884954982333713
2 0.4882018893957138 0.5373546282450358 0.06584898829460144 0.14506151411268448
2 0.021845027804374695 0.5427703221638998 0.04369005560874939 0.21486812167697483
2 0.9733321219682693 0.5358101103040908 0.053335767984390256 0.33772909376356336
2 0.9083691596984863 0.5259191619025336 0.18326168060302733 0.2060122807820638
