3 0.9693973675370217 0.6031337632073297 0.0336014062166214 0.1503864500257704
3 0.9411861911416054 0.6026504569583468 0.03195410072803497 0.15315959718492295
6 0.23420288562774658 0.6097782558865017 0.05515694618225098 0.17599800957573786
0 0.14577861726284028 0.569481513235304 0.06031660437583923 0.05859990119934082
0 0.05614319443702698 0.5807882361941867 0.07266896963119507 0.06546797222561307
0 0.4472259983420372 0.5462668180465698 0.02977103888988495 0.052308077282375756
0 0.5231981828808785 0.5601219071282281 0.02968417704105377 0.051395649380154076
0 0.40064970701932906 0.5439471748140123 0.019633468985557557 0.02628453042772081
0 0.48443017303943636 0.5462860902150471 0.061841970682144164 0.1339323149787055
0 0.35486369878053664 0.5411473724577162 0.028799358010292053 0.04544553226894803
2 0.9957870919257402 0.5298936420016819 0.008425799757242202 0.38823568556043836
2 0.3021359533071518 0.5432768901189168 0.059212368726730344 0.05759692192077637
