3 0.09345878511667252 0.6122332308027479 0.021393755078315736 0.11214736302693686
3 0.9817776530981064 0.5182619121339586 0.036444634199142456 0.084215423795912
6 0.412704274058342 0.5773759947882758 0.03268460631370544 0.11603094736735026
0 0.3305045425891876 0.5558161947462293 0.058985340595245364 0.050218560960557726
0 0.16783641278743744 0.5880269977781508 0.06043369174003601 0.06754620340135363
2 0.379917186498642 0.5534048133426243 0.06262181997299195 0.10955781936645508
2 0.4846652030944824 0.5424323558807373 0.059769725799560545 0.125909243689643
7 0.4887220099568367 0.24991676542494032 0.015205708146095277 0.058790100945366755
7 0.22705964297056197 0.42868017885420057 0.0133718341588974 0.053194793065389
7 0.6382467597723007 0.4091650406519572 0.014771431684494019 0.0569953441619873
