3 0.32478622496128084 0.5670385069317287 0.014767390489578248 0.06945341428120931
3 0.18732872605323792 0.55806036790212 0.02012602090835571 0.08759154743618436
6 0.5921977609395981 0.6583131790161133 0.09233600497245789 0.3186023712158203
0 0.6959984421730041 0.6175228542751736 0.15206825733184814 0.18747482299804688
0 0.8181716203689575 0.6198452737596299 0.1242037296295166 0.11659704844156901
0 0.5437416136264801 0.5761622137493557 0.04111291170120239 0.0799789481692844
0 0.48986401259899137 0.5554245948791504 0.07888125777244567 0.18602254655626085
0 0.9097901284694672 0.5602444436815049 0.18041971921920777 0.8795110914442275
0 0.09518986344337463 0.5755404578314887 0.19037972688674926 0.7946292453342014
2 0.6452561736106872 0.54043976465861 0.10883643627166747 0.19975872039794923
7 0.285918190702796 0.4973380062315199 0.009856896847486496 0.02507584359910753
7 0.03301636874675751 0.14271382225884333 0.06603273749351501 0.1792185253567166
7 0.1694652609527111 0.4181982384787665 0.01304212659597397 0.05550268491109212
