3 0.3121877461671829 0.57528518570794 0.01579976677894592 0.08063832388983833
6 0.5671986043453217 0.6307125409444173 0.05635460615158081 0.22559447818332248
6 0.1938640892505646 0.62293914159139 0.09874719381332397 0.12152796851264105
0 0.7954871416091919 0.656498040093316 0.2631504535675049 0.28291456434461804
0 0.918332827091217 0.6496911631690131 0.16333439350128173 0.16607052485148113
0 0.4646133743226528 0.5893958515591091 0.024857775866985322 0.04760545094807943
0 0.5008921504020691 0.5618986023796929 0.07783257961273193 0.17907878028021917
2 0.690042906999588 0.5439240243699816 0.13869482278823853 0.26366668277316624
2 0.05345559120178223 0.4366217295328776 0.10691118240356445 0.539957767062717
7 0.10247228965163231 0.4423363129297892 0.019638495147228242 0.04536878267923991
7 0.25671445578336716 0.4891427013609144 0.012562593817710877 0.027703619003295897
7 0.41116348579525946 0.49555085764990914 0.007783724367618561 0.033245219124688044
