3 0.29072545394301413 0.5825607299804687 0.018148104846477508 0.0919481913248698
6 0.5943600103259087 0.627529854244656 0.0442840427160263 0.17484832339816622
0 0.8952259063720703 0.7283115810818143 0.20954818725585939 0.5433768378363715
0 0.46005832105875016 0.5929960250854492 0.026646831631660463 0.05030064053005642
0 0.6519517362117767 0.6073576105965508 0.05423363447189331 0.08688819143507216
0 0.5189119875431061 0.5665040228101942 0.07803069353103638 0.18106967078314887
0 0.04187421500682831 0.5170056766933865 0.08374843001365662 0.16869551340738934
2 0.7526984095573426 0.5375557581583659 0.20728528499603271 0.3510137346055773
2 0.6341192781925201 0.5657770156860351 0.05766431093215942 0.12502140469021267
7 0.21433303728699685 0.4756699906455146 0.013731534779071807 0.03364733060201009
7 0.3790764257311821 0.4721869521670871 0.017274269461631776 0.02934314939710829
7 0.0018584311008453369 0.40621032185024686 0.0037168622016906737 0.054535833994547527
7 0.3796442061662674 0.5177460763189528 0.012182098627090455 0.022379681799146865
7 0.39622806422412393 0.5101910041438209 0.00939815267920494 0.017818870809343128
7 0.39757189750671384 0.4832932326528761 0.008963727951049804 0.038417469130622016
7 0.003888003155589104 0.33915619585249157 0.007776006311178208 0.07803519037034777
