3 0.254427283257246 0.5970239957173665 0.020977340638637543 0.11057860056559245
6 0.6052599623799324 0.6350559711456298 0.042403069138526914 0.17362900839911566
0 0.47023361921310425 0.6046389076444838 0.05065305233001709 0.0843956470489502
0 0.6860922873020172 0.6237714926401774 0.08064547777175904 0.11216421127319336
0 0.572795894742012 0.6041229751374987 0.028876739740371703 0.05372773806254069
0 0.44713534265756605 0.6034686618381077 0.029574468731880188 0.05725462171766493
0 0.5299183458089829 0.5748666657341851 0.07776214480400086 0.18329241010877823
0 0.0004021670669317245 0.5526323689354791 0.000804334133863449 0.1527848455641005
2 0.8476704597473145 0.5308454513549805 0.3046590805053711 0.5682737562391493
2 0.6471506357192993 0.5738112449645996 0.07030243873596191 0.14753322601318358
7 0.14876290708780288 0.46617242362764144 0.01701047718524933 0.043051007058885364
7 0.34948076158761976 0.5185356471273634 0.013282039761543274 0.025230643484327527
7 0.34873559027910234 0.4920108702447679 0.017758312821388244 0.030201448334587946
7 0.3471586495637894 0.4593966841697693 0.021067529916763306 0.03666564888424344
7 0.3730613674968481 0.5096448355250889 0.009839337319135666 0.019068164295620388
7 0.37426339983940127 0.47731973595089383 0.010755574703216553 0.04224204487270779
