3 0.22418953627347946 0.6066504531436496 0.028475460410118104 0.13765579859415691
3 0.34584572464227675 0.593595396147834 0.013436701893806458 0.07026981247795952
6 0.6298170730471611 0.6371391826205783 0.046509966254234314 0.18099697960747613
0 0.46980321407318115 0.6171614540947808 0.058100557327270506 0.09244897630479601
0 0.7490816175937652 0.6369923962487115 0.12481223344802857 0.13772355185614693
0 0.444973124563694 0.6106789721382989 0.036116483807563785 0.06854201952616373
0 0.5509572237730026 0.5799594667222765 0.07952856421470642 0.1907861073811849
0 0.5866653516888618 0.6034094174702962 0.031347861886024474 0.05972266727023655
2 0.896594512462616 0.4952090793185764 0.20681092739105225 0.9904181586371528
2 0.6794399052858353 0.5689521100785997 0.08385310769081115 0.16987765630086263
7 0.32033639773726463 0.5089276485972934 0.016240279376506805 0.030307062466939292
7 0.0730848953127861 0.4499873267279731 0.024887368083000183 0.052190738254123265
7 0.3188652843236923 0.4365487813949585 0.022620218992233276 0.04025895330641005
7 0.3187690109014511 0.4770038021935357 0.02066318392753601 0.03889123068915473
7 0.3544199958443642 0.49960625569025674 0.012958386540412902 0.0222642183303833
7 0.35700794458389284 0.46291691727108425 0.01139671802520752 0.052970827950371634
7 0.8046842966228723 0.49257560306125214 0.010927564650774001 0.04568138122558594
