3 0.19668417870998384 0.6202778710259331 0.030356281995773317 0.16177079942491318
6 0.6748672261834144 0.6382948769463433 0.04911227524280548 0.1926200442843967
0 0.48104788064956666 0.6268906699286567 0.07261269092559815 0.11025716993543837
0 0.8725660860538482 0.6486039585537381 0.1665152668952942 0.17894390953911676
0 0.6566629886627198 0.59402068456014 0.038532257080078125 0.0660443835788303
0 0.45323257595300676 0.6158425251642863 0.04341221153736115 0.07932307455274794
0 0.5827263623476029 0.5800453397962783 0.08496385216712951 0.1976406945122613
0 0.9995666376315058 0.6325056711832683 0.0008666737005114556 0.5203403049045139
0 0.5336534202098846 0.5812221103244357 0.028831136226654053 0.06204494900173611
2 0.7279818236827851 0.5605488459269206 0.11168845891952514 0.20351939731174046
7 0.2907271757721901 0.49793649911880494 0.019168928265571594 0.03795809480879042
7 0.2893132343888283 0.4056514024734497 0.029134491086006166 0.05018533600701226
7 0.34346618205308915 0.48704665899276733 0.014607420563697815 0.025951245095994738
7 0.29016076028347015 0.4542398876614041 0.026376742124557494 0.05098949008517795
7 0.34495329931378366 0.44403866397009956 0.014231301844120026 0.05934468905131022
7 0.8722959659993649 0.4653907246059842 0.0133806511759758 0.057049539354112416
