3 0.34944457486271857 0.5841889354917739 0.015344227850437164 0.07524059613545736
3 0.16902360767126084 0.616875696182251 0.032099172472953796 0.16914381451076932
6 0.6905607968568802 0.6246387163798014 0.052070480585098264 0.1908121109008789
0 0.4903633683919907 0.6277858946058485 0.09296543002128602 0.14440642462836373
0 0.9250441014766693 0.684906005859375 0.14991177320480348 0.2869421217176649
0 0.5972303569316864 0.5684033711751302 0.09462140798568726 0.19599787394205728
0 0.4575333118438721 0.6136193169487847 0.05387868881225586 0.09527774386935764
0 0.5453220024704933 0.568946533732944 0.03398373425006866 0.07104668617248536
0 0.6677206307649612 0.58404434521993 0.05024858117103577 0.0733994272020128
2 0.7708334028720856 0.5433790630764431 0.14939919710159302 0.23367034064398873
7 0.24398940056562424 0.4705675390031603 0.024067506194114685 0.04946875042385525
7 0.24223069995641708 0.3512273523542616 0.03452267348766327 0.062404791514078774
7 0.2435709848999977 0.4137961467107137 0.03131273090839386 0.06602731810675727
7 0.3233113467693329 0.4614789300494724 0.017887437343597413 0.032578102747599286
7 0.3254389226436615 0.409443015522427 0.017127835750579835 0.07394169171651205
7 0.9386281721293926 0.4333983924653795 0.01573767513036728 0.0636401653289795
