3 0.14089357256889343 0.5977638350592719 0.03778980970382691 0.18829864925808376
3 0.9337938502430916 0.6049562931060791 0.0336965948343277 0.15295017030504016
3 0.33956311643123627 0.5646366940604316 0.01302453875541687 0.0734269830915663
6 0.6809713691473007 0.6130500369601779 0.05604178309440613 0.19047461615668404
0 0.4864471435546875 0.6280138651529948 0.11715908050537109 0.1773629930284288
0 0.9507986783981324 0.662873543633355 0.09840273857116699 0.2766204833984375
0 0.5987425982952118 0.5525846375359429 0.09941705465316772 0.20363186730278862
0 0.45052950978279116 0.6032589435577392 0.06008840799331665 0.11156998740302192
0 0.6640488713979721 0.5771533144844903 0.058928316831588744 0.08832804891798231
0 0.546179486811161 0.5530783282385932 0.03309603035449982 0.0716586536831326
2 0.8067044198513031 0.529477596282959 0.19444855451583862 0.27387633853488497
7 0.17383859306573868 0.4206647899415758 0.027647045254707337 0.06291262838575575
7 0.17506710439920425 0.26930998431311715 0.04116876423358917 0.08014811939663358
7 0.17381640374660492 0.347130028406779 0.038896220922470096 0.07941007614135742
7 0.2915783070027828 0.42192436589135063 0.02008412331342697 0.03765679995218913
7 0.2947685122489929 0.359454878171285 0.020024657249450684 0.08482899665832519
7 0.9959793094545603 0.4110162999894884 0.00804138258099556 0.06970080269707574
