3 0.975495120882988 0.6255472077263726 0.04900984168052673 0.19829959869384767
3 0.11255121976137161 0.5883619202507867 0.0367134839296341 0.2036041471693251
6 0.6177164107561112 0.6107675340440538 0.08429737687110901 0.1813123067220052
0 0.4771753251552582 0.6478981971740723 0.15112446546554564 0.2219215604994032
0 0.9963019486516714 0.6909839736090766 0.007396148890256882 0.32000912560356987
0 0.7061553329229355 0.5804487175411648 0.0648814857006073 0.08559717602199979
0 0.6659427165985108 0.5814837270312839 0.05600061416625977 0.08299910757276747
0 0.5989758133888244 0.5519648551940918 0.10546333789825439 0.20649742550320097
0 0.3475578099489212 0.5670251607894897 0.05241442322731018 0.05529708332485623
0 0.54110818952322 0.5527681112289429 0.03282577693462372 0.07808727158440484
2 0.8418445467948914 0.5308748245239258 0.23853566646575927 0.3179030948215061
7 0.08094065636396408 0.37606902387407093 0.029680177569389343 0.08050430615743001
7 0.0824562966823578 0.28397609922620987 0.04353567361831665 0.10146757761637369
7 0.08365661203861237 0.18730751673380533 0.04920486807823181 0.09602046542697483
7 0.2512230180203915 0.39491912258995904 0.024238161742687225 0.04601152737935384
7 0.25684839189052583 0.3244602627224392 0.023050469160079957 0.09736078050401475
