3 0.10151500403881072 0.5832745340135362 0.05370593667030334 0.1993122312757704
3 0.9836446329951286 0.6420079655117459 0.03271075189113617 0.23495790693495008
6 0.5620453968644142 0.6159464412265354 0.04474232494831085 0.16567228105333115
0 0.47096133828163145 0.667739889356825 0.17708107233047485 0.26703419155544705
0 0.7154163777828216 0.5853189627329508 0.06710995435714721 0.0892504268222385
0 0.6626311659812927 0.5865068144268459 0.051045680046081544 0.08458419905768501
0 0.6051360607147217 0.5539293183220757 0.11190900802612305 0.2285736295912001
2 0.866596007347107 0.5346380445692275 0.26680798530578614 0.3454674614800347
7 0.0019703397527337076 0.32516461478339304 0.003940679505467415 0.10667430029975043
7 0.007293170690536499 0.20765786700778538 0.014586341381072999 0.1471000035603841
7 0.22178142070770263 0.37055640750461155 0.025170564651489258 0.05093366834852431
7 0.010596770048141479 0.07737408743964301 0.021193540096282958 0.15474817487928602
7 0.22700734734535216 0.2913848665025499 0.02578216791152954 0.1079597896999783
