3 0.97606330960989 0.6417507807413737 0.047873422503471375 0.2729061974419488
3 0.12291363328695297 0.5809982511732313 0.029251644015312196 0.1978800031873915
6 0.7773594558238983 0.6315618303087023 0.06218026876449585 0.21572850545247396
0 0.4710837423801422 0.6766815609402127 0.19366394281387328 0.2873602973090278
0 0.7202487409114837 0.5862200895945231 0.07145537137985229 0.09192421171400282
0 0.607210385799408 0.5554132461547852 0.12029683589935303 0.2337744394938151
0 0.6749855101108551 0.5838005516264174 0.054173290729522705 0.0852067788441976
2 0.8698913812637329 0.5377669228447808 0.26021723747253417 0.3572977277967665
7 0.21132119745016098 0.3612528986401028 0.02705197036266327 0.05366259151034885
7 0.2178538516163826 0.27766691313849556 0.02704981863498688 0.11424139870537652
