3 0.9588546395301819 0.6454632547166612 0.05440590381622314 0.28090496063232423
3 0.1736639052629471 0.5822632524702284 0.03245893120765686 0.176795588599311
6 0.7018791541457177 0.6004609107971192 0.04152848422527313 0.13541363610161675
0 0.47060884833335875 0.6783393859863281 0.19309295415878297 0.2902297125922309
0 0.6818273603916168 0.5857428259319729 0.06288224458694458 0.08622403144836426
0 0.7264369338750839 0.5890227688683404 0.06843525767326356 0.09782660802205403
0 0.6076722621917725 0.5571253564622667 0.1176560401916504 0.23444843292236328
2 0.8677630305290223 0.5367854754130046 0.2644739866256714 0.35521454281277126
7 0.2114233359694481 0.3619636376698812 0.027102014422416686 0.053695731692843966
7 0.21751091927289962 0.27970495223999026 0.026537713408470155 0.11276272667778862
