3 0.2635978698730469 0.5970001697540284 0.02421598434448242 0.15922216839260525
3 0.46394162774086 0.6827906926472982 0.08394690752029418 0.5077869415283203
0 0.47101680636405946 0.6692056549919976 0.17854231595993042 0.3095461739434136
0 0.7202635824680328 0.5865201261308458 0.06896430253982544 0.0910753779941135
0 0.8763439297676087 0.6744828330145942 0.24731218814849854 0.6510343763563368
0 0.6087039828300476 0.557034969329834 0.11857020854949951 0.2353496763441298
0 0.6668190628290176 0.5869906663894653 0.0524921715259552 0.08467282719082303
2 0.8700637936592102 0.530064868927002 0.25987236499786376 0.3384179221259223
7 0.21122598946094512 0.36192281511094837 0.02744055390357971 0.05384640163845486
7 0.2177119269967079 0.2790909873114692 0.027073958516120912 0.11222576565212673
