3 0.2622090995311737 0.5995820946163601 0.02389272451400757 0.16702104144626193
6 0.0410704642534256 0.5724525663587782 0.0821409285068512 0.2500873565673828
0 0.47100849747657775 0.6773420227898492 0.19332557916641235 0.28887534671359594
0 0.9664981544017792 0.6990972836812337 0.06700376272201539 0.3108220630221897
0 0.7443142354488372 0.6156389130486383 0.1188689112663269 0.19144009484185112
0 0.6077467203140259 0.5578827752007378 0.11908125877380371 0.23525441487630208
0 0.6788161545991898 0.5849000453948975 0.055479294061660765 0.0876610967848036
2 0.8623294591903686 0.5360227796766494 0.2753410816192627 0.35361031426323786
7 0.21139826625585556 0.36210444503360323 0.027225086092948915 0.05376910633511013
7 0.21755356192588807 0.2786063406202528 0.02725566625595093 0.11303094228108725
