3 0.26251007318496705 0.592882490158081 0.023759007453918457 0.1692064815097385
3 0.18353899270296098 0.5635613494449192 0.03499468863010406 0.16600624720255533
0 0.47096776962280273 0.6781106419033475 0.19493389129638672 0.2884042739868164
0 0.966895055770874 0.6996885511610244 0.06620988845825196 0.3100923326280382
0 0.7279538929462432 0.6071288850572374 0.10849272012710572 0.16900282965766059
0 0.6089863240718841 0.5596231778462728 0.12029389142990113 0.23784605662027994
0 0.6715813383460045 0.5856295426686605 0.049301573634147645 0.08508108986748589
2 0.8645439147949219 0.5355102645026313 0.27091217041015625 0.3502656936645508
7 0.210441455245018 0.3622782998614841 0.027272671461105347 0.054323106341891816
7 0.21719540059566497 0.27941935857137046 0.026855820417404176 0.11192031436496311
