3 0.01896156668663025 0.5978196673923069 0.0379231333732605 0.26107376946343314
3 0.2462780810892582 0.5539522912767199 0.020445366203784943 0.1223464330037435
3 0.2584778107702732 0.5982789198557535 0.024853046238422393 0.15231989754570854
0 0.47076664566993714 0.6807243665059407 0.1965208649635315 0.29493897755940757
0 0.9688267201185227 0.7026160346137152 0.06234654784202576 0.3188440958658854
0 0.7151067674160003 0.6012454297807481 0.10382755994796752 0.14664521747165257
0 0.609850925207138 0.5602174017164442 0.12136238813400269 0.2378607643975152
2 0.8646804571151734 0.5385648197597928 0.27063908576965334 0.3540599611070421
7 0.20845162123441696 0.3604753547244602 0.02719472348690033 0.053134759267171226
7 0.21614284962415695 0.2756022718217638 0.026703080534934996 0.11587658988104926
