3 0.06172071099281311 0.5928283267550998 0.051350146532058716 0.230621337890625
3 0.257178733497858 0.5986050552792019 0.02380814105272293 0.15950691435072156
3 0.28526766523718833 0.5546293311648899 0.021129612624645234 0.1033956421746148
0 0.4699788808822632 0.6845823499891494 0.2018052101135254 0.2996941460503472
0 0.9730492055416107 0.7038979636298286 0.05390156507492065 0.3189893510606554
0 0.7162643194198608 0.6006602022382949 0.10092759132385254 0.1446985986497667
0 0.611394602060318 0.5597455978393555 0.1225199818611145 0.23992907206217448
2 0.8686600685119629 0.5386183208889431 0.2626798629760742 0.35998073154025606
7 0.20451140999794007 0.3546065754360623 0.027682197093963624 0.05422543419731988
7 0.21101792603731157 0.27352691756354436 0.02917744219303131 0.1191716194152832
7 0.2000514842569828 0.5287201033698188 0.013655276596546173 0.059155209859212236
