3 0.15400782525539397 0.5789766099717882 0.03616184592247009 0.20910491943359374
3 0.2465818002820015 0.5938954088422987 0.026437631249427794 0.17705439461602104
0 0.46805826425552366 0.6924279001024034 0.22703473567962645 0.3315696504380968
0 0.725565505027771 0.6014744652642144 0.10548081398010253 0.15430246988932292
0 0.9939858295023442 0.7027514139811198 0.0120282843708992 0.31120800442165797
0 0.6174874544143677 0.5559965769449869 0.12633566856384276 0.25041436089409724
2 0.8709529042243958 0.5413630591498481 0.2580941438674927 0.40154380798339845
7 0.18684200942516327 0.3392469882965088 0.028685110807418823 0.0549276245964898
7 0.19526171088218688 0.24947233200073243 0.0302160382270813 0.1218982908460829
7 0.1813715398311615 0.5262028932571411 0.014296114444732666 0.06420862939622667
